0
1000
5.00000000e+01   9.99375195e-01   0.00000000e+00  
1.50000000e+02   9.94390791e-01   0.00000000e+00  
2.50000000e+02   9.84496437e-01   0.00000000e+00  
3.50000000e+02   9.69839195e-01   0.00000000e+00  
4.50000000e+02   9.50635092e-01   0.00000000e+00  
5.50000000e+02   9.27163828e-01   0.00000000e+00  
6.50000000e+02   8.99761996e-01   0.00000000e+00  
7.50000000e+02   8.68815056e-01   0.00000000e+00  
8.50000000e+02   8.34748331e-01   0.00000000e+00  
9.50000000e+02   7.98017302e-01   0.00000000e+00  
1.05000000e+03   7.59097539e-01   0.00000000e+00  
1.15000000e+03   7.18474546e-01   0.00000000e+00  
1.25000000e+03   6.76633846e-01   0.00000000e+00  
1.35000000e+03   6.34051562e-01   0.00000000e+00  
1.45000000e+03   5.91185758e-01   0.00000000e+00  
1.55000000e+03   5.48468736e-01   0.00000000e+00  
1.65000000e+03   5.06300456e-01   0.00000000e+00  
1.75000000e+03   4.65043188e-01   0.00000000e+00  
1.85000000e+03   4.25017472e-01   0.00000000e+00  
1.95000000e+03   3.86499386e-01   0.00000000e+00  
2.05000000e+03   3.49719106e-01   0.00000000e+00  
2.15000000e+03   3.14860687e-01   0.00000000e+00  
2.25000000e+03   2.82062952e-01   0.00000000e+00  
2.35000000e+03   2.51421366e-01   0.00000000e+00  
2.45000000e+03   2.22990747e-01   0.00000000e+00  
2.55000000e+03   1.96788644e-01   0.00000000e+00  
2.65000000e+03   1.72799209e-01   0.00000000e+00  
2.75000000e+03   1.50977418e-01   0.00000000e+00  
2.85000000e+03   1.31253462e-01   0.00000000e+00  
2.95000000e+03   1.13537171e-01   0.00000000e+00  
3.05000000e+03   9.77223485e-02   0.00000000e+00  
3.15000000e+03   8.36909024e-02   0.00000000e+00  
3.25000000e+03   7.13166827e-02   0.00000000e+00  
3.35000000e+03   6.04689663e-02   0.00000000e+00  
3.45000000e+03   5.10155393e-02   0.00000000e+00  
3.55000000e+03   4.28253527e-02   0.00000000e+00  
3.65000000e+03   3.57707414e-02   0.00000000e+00  
3.75000000e+03   2.97292164e-02   0.00000000e+00  
3.85000000e+03   2.45848470e-02   0.00000000e+00  
3.95000000e+03   2.02292642e-02   0.00000000e+00  
4.05000000e+03   1.65623207e-02   0.00000000e+00  
4.15000000e+03   1.34924501e-02   0.00000000e+00  
4.25000000e+03   1.09367675e-02   0.00000000e+00  
4.35000000e+03   8.82095622e-03   0.00000000e+00  
4.45000000e+03   7.07898318e-03   0.00000000e+00  
4.55000000e+03   5.65268288e-03   0.00000000e+00  
4.65000000e+03   4.49124649e-03   0.00000000e+00  
4.75000000e+03   3.55064856e-03   0.00000000e+00  
4.85000000e+03   2.79303908e-03   0.00000000e+00  
4.95000000e+03   2.18612436e-03   0.00000000e+00  
5.05000000e+03   1.70255537e-03   0.00000000e+00  
5.15000000e+03   1.31933824e-03   0.00000000e+00  
5.25000000e+03   1.01727784e-03   0.00000000e+00  
5.35000000e+03   7.80461614e-04   0.00000000e+00  
5.45000000e+03   5.95788393e-04   0.00000000e+00  
5.55000000e+03   4.52544254e-04   0.00000000e+00  
5.65000000e+03   3.42025590e-04   0.00000000e+00  
5.75000000e+03   2.57208119e-04   0.00000000e+00  
5.85000000e+03   1.92459465e-04   0.00000000e+00  
5.95000000e+03   1.43292151e-04   0.00000000e+00  
6.05000000e+03   1.06153436e-04   0.00000000e+00  
6.15000000e+03   7.82481790e-05   0.00000000e+00  
6.25000000e+03   5.73908887e-05   0.00000000e+00  
6.35000000e+03   4.18832321e-05   0.00000000e+00  
6.45000000e+03   3.04134686e-05   0.00000000e+00  
6.55000000e+03   2.19745630e-05   0.00000000e+00  
6.65000000e+03   1.57980349e-05   0.00000000e+00  
6.75000000e+03   1.13009360e-05   0.00000000e+00  
6.85000000e+03   8.04367089e-06   0.00000000e+00  
6.95000000e+03   5.69669144e-06   0.00000000e+00  
7.05000000e+03   4.01439061e-06   0.00000000e+00  
7.15000000e+03   2.81478409e-06   0.00000000e+00  
7.25000000e+03   1.96380822e-06   0.00000000e+00  
7.35000000e+03   1.36326909e-06   0.00000000e+00  
7.45000000e+03   9.41656762e-07   0.00000000e+00  
7.55000000e+03   6.47190597e-07   0.00000000e+00  
7.65000000e+03   4.42588674e-07   0.00000000e+00  
7.75000000e+03   3.01159745e-07   0.00000000e+00  
7.85000000e+03   2.03902275e-07   0.00000000e+00  
7.95000000e+03   1.37364893e-07   0.00000000e+00  
8.05000000e+03   9.20784413e-08   0.00000000e+00  
8.15000000e+03   6.14141851e-08   0.00000000e+00  
8.25000000e+03   4.07575393e-08   0.00000000e+00  
8.35000000e+03   2.69138450e-08   0.00000000e+00  
8.45000000e+03   1.76836562e-08   0.00000000e+00  
8.55000000e+03   1.15610401e-08   0.00000000e+00  
8.65000000e+03   7.52056176e-09   0.00000000e+00  
8.75000000e+03   4.86779390e-09   0.00000000e+00  
8.85000000e+03   3.13503656e-09   0.00000000e+00  
8.95000000e+03   2.00900754e-09   0.00000000e+00  
9.05000000e+03   1.28099976e-09   0.00000000e+00  
9.15000000e+03   8.12727696e-10   0.00000000e+00  
9.25000000e+03   5.13061703e-10   0.00000000e+00  
9.35000000e+03   3.22272067e-10   0.00000000e+00  
9.45000000e+03   2.01420773e-10   0.00000000e+00  
9.55000000e+03   1.25260569e-10   0.00000000e+00  
9.65000000e+03   7.75091595e-11   0.00000000e+00  
9.75000000e+03   4.77221722e-11   0.00000000e+00  
9.85000000e+03   2.92358623e-11   0.00000000e+00  
9.95000000e+03   1.78213311e-11   0.00000000e+00  
1.00500000e+04   1.08091837e-11   0.00000000e+00  
1.01500000e+04   6.52340263e-12   0.00000000e+00  
1.02500000e+04   3.91727444e-12   0.00000000e+00  
1.03500000e+04   2.34057381e-12   0.00000000e+00  
1.04500000e+04   1.39151922e-12   0.00000000e+00  
1.05500000e+04   8.23160661e-13   0.00000000e+00  
1.06500000e+04   4.84516456e-13   0.00000000e+00  
1.07500000e+04   2.83766409e-13   0.00000000e+00  
1.08500000e+04   1.65364379e-13   0.00000000e+00  
1.09500000e+04   9.58851763e-14   0.00000000e+00  
1.10500000e+04   5.53209343e-14   0.00000000e+00  
1.11500000e+04   3.17582138e-14   0.00000000e+00  
1.12500000e+04   1.81405796e-14   0.00000000e+00  
1.13500000e+04   1.03103825e-14   0.00000000e+00  
1.14500000e+04   5.83078357e-15   0.00000000e+00  
1.15500000e+04   3.28101031e-15   0.00000000e+00  
1.16500000e+04   1.83703231e-15   0.00000000e+00  
1.17500000e+04   1.02342147e-15   0.00000000e+00  
1.18500000e+04   5.67310444e-16   0.00000000e+00  
1.19500000e+04   3.12907204e-16   0.00000000e+00  
1.20500000e+04   1.71727115e-16   0.00000000e+00  
1.21500000e+04   9.37757856e-17   0.00000000e+00  
1.22500000e+04   5.09531546e-17   0.00000000e+00  
1.23500000e+04   2.75473591e-17   0.00000000e+00  
1.24500000e+04   1.48189486e-17   0.00000000e+00  
1.25500000e+04   7.93201161e-18   0.00000000e+00  
1.26500000e+04   4.22452435e-18   0.00000000e+00  
1.27500000e+04   2.23872537e-18   0.00000000e+00  
1.28500000e+04   1.18046293e-18   0.00000000e+00  
1.29500000e+04   6.19344681e-19   0.00000000e+00  
1.30500000e+04   3.23326275e-19   0.00000000e+00  
1.31500000e+04   1.67949267e-19   0.00000000e+00  
1.32500000e+04   8.68048029e-20   0.00000000e+00  
1.33500000e+04   4.46414122e-20   0.00000000e+00  
1.34500000e+04   2.28433935e-20   0.00000000e+00  
1.35500000e+04   1.16308605e-20   0.00000000e+00  
1.36500000e+04   5.89239156e-21   0.00000000e+00  
1.37500000e+04   2.97029702e-21   0.00000000e+00  
1.38500000e+04   1.48982990e-21   0.00000000e+00  
1.39500000e+04   7.43536035e-22   0.00000000e+00  
1.40500000e+04   3.69229068e-22   0.00000000e+00  
1.41500000e+04   1.82439248e-22   0.00000000e+00  
1.42500000e+04   8.96951978e-23   0.00000000e+00  
1.43500000e+04   4.38781832e-23   0.00000000e+00  
1.44500000e+04   2.13578047e-23   0.00000000e+00  
1.45500000e+04   1.03441095e-23   0.00000000e+00  
1.46500000e+04   4.98491939e-24   0.00000000e+00  
1.47500000e+04   2.39029606e-24   0.00000000e+00  
1.48500000e+04   1.14044351e-24   0.00000000e+00  
1.49500000e+04   5.41407652e-25   0.00000000e+00  
1.50500000e+04   2.55742866e-25   0.00000000e+00  
1.51500000e+04   1.20201862e-25   0.00000000e+00  
1.52500000e+04   5.62143752e-26   0.00000000e+00  
1.53500000e+04   2.61584562e-26   0.00000000e+00  
1.54500000e+04   1.21117071e-26   0.00000000e+00  
1.55500000e+04   5.57990924e-27   0.00000000e+00  
1.56500000e+04   2.55786394e-27   0.00000000e+00  
1.57500000e+04   1.16669214e-27   0.00000000e+00  
1.58500000e+04   5.29497154e-28   0.00000000e+00  
1.59500000e+04   2.39110979e-28   0.00000000e+00  
1.60500000e+04   1.07439488e-28   0.00000000e+00  
1.61500000e+04   4.80348981e-29   0.00000000e+00  
1.62500000e+04   2.13687119e-29   0.00000000e+00  
1.63500000e+04   9.45863225e-30   0.00000000e+00  
1.64500000e+04   4.16588105e-30   0.00000000e+00  
1.65500000e+04   1.82563485e-30   0.00000000e+00  
1.66500000e+04   7.96066774e-31   0.00000000e+00  
1.67500000e+04   3.45393059e-31   0.00000000e+00  
1.68500000e+04   1.49109818e-31   0.00000000e+00  
1.69500000e+04   6.40512196e-32   0.00000000e+00  
1.70500000e+04   2.73764476e-32   0.00000000e+00  
1.71500000e+04   1.16427430e-32   0.00000000e+00  
1.72500000e+04   4.92676738e-33   0.00000000e+00  
1.73500000e+04   2.07442305e-33   0.00000000e+00  
1.74500000e+04   8.69082752e-34   0.00000000e+00  
1.75500000e+04   3.62287591e-34   0.00000000e+00  
1.76500000e+04   1.50270702e-34   0.00000000e+00  
1.77500000e+04   6.20188486e-35   0.00000000e+00  
1.78500000e+04   2.54683969e-35   0.00000000e+00  
1.79500000e+04   1.04065805e-35   0.00000000e+00  
1.80500000e+04   4.23099990e-36   0.00000000e+00  
1.81500000e+04   1.71161667e-36   0.00000000e+00  
1.82500000e+04   6.88967174e-37   0.00000000e+00  
1.83500000e+04   2.75942808e-37   0.00000000e+00  
1.84500000e+04   1.09968463e-37   0.00000000e+00  
1.85500000e+04   4.36059508e-38   0.00000000e+00  
1.86500000e+04   1.72048897e-38   0.00000000e+00  
1.87500000e+04   6.75439650e-39   0.00000000e+00  
1.88500000e+04   2.63845529e-39   0.00000000e+00  
1.89500000e+04   1.02551367e-39   0.00000000e+00  
1.90500000e+04   3.96608206e-40   0.00000000e+00  
1.91500000e+04   1.52619654e-40   0.00000000e+00  
1.92500000e+04   5.84369798e-41   0.00000000e+00  
1.93500000e+04   2.22635076e-41   0.00000000e+00  
1.94500000e+04   8.43971808e-42   0.00000000e+00  
1.95500000e+04   3.18339713e-42   0.00000000e+00  
1.96500000e+04   1.19476427e-42   0.00000000e+00  
1.97500000e+04   4.46171847e-43   0.00000000e+00  
1.98500000e+04   1.65787058e-43   0.00000000e+00  
1.99500000e+04   6.12953623e-44   0.00000000e+00  
2.00500000e+04   2.25493036e-44   0.00000000e+00  
2.01500000e+04   8.25405162e-45   0.00000000e+00  
2.02500000e+04   3.00628226e-45   0.00000000e+00  
2.03500000e+04   1.08948399e-45   0.00000000e+00  
2.04500000e+04   3.92862416e-46   0.00000000e+00  
2.05500000e+04   1.40957646e-46   0.00000000e+00  
2.06500000e+04   5.03228608e-47   0.00000000e+00  
2.07500000e+04   1.78760077e-47   0.00000000e+00  
2.08500000e+04   6.31835863e-48   0.00000000e+00  
2.09500000e+04   2.22211504e-48   0.00000000e+00  
2.10500000e+04   7.77601936e-49   0.00000000e+00  
2.11500000e+04   2.70755106e-49   0.00000000e+00  
2.12500000e+04   9.38046795e-50   0.00000000e+00  
2.13500000e+04   3.23370859e-50   0.00000000e+00  
2.14500000e+04   1.10918959e-50   0.00000000e+00  
2.15500000e+04   3.78563917e-51   0.00000000e+00  
2.16500000e+04   1.28558612e-51   0.00000000e+00  
2.17500000e+04   4.34401848e-52   0.00000000e+00  
2.18500000e+04   1.46053066e-52   0.00000000e+00  
2.19500000e+04   4.88605353e-53   0.00000000e+00  
2.20500000e+04   1.62642593e-53   0.00000000e+00  
2.21500000e+04   5.38689968e-54   0.00000000e+00  
2.22500000e+04   1.77530106e-54   0.00000000e+00  
2.23500000e+04   5.82148343e-55   0.00000000e+00  
2.24500000e+04   1.89943242e-55   0.00000000e+00  
2.25500000e+04   6.16655421e-56   0.00000000e+00  
2.26500000e+04   1.99200209e-56   0.00000000e+00  
2.27500000e+04   6.40273537e-57   0.00000000e+00  
2.28500000e+04   2.04771656e-57   0.00000000e+00  
2.29500000e+04   6.51632387e-58   0.00000000e+00  
2.30500000e+04   2.06330774e-58   0.00000000e+00  
2.31500000e+04   6.50060654e-59   0.00000000e+00  
2.32500000e+04   2.03785032e-59   0.00000000e+00  
2.33500000e+04   6.35651696e-60   0.00000000e+00  
2.34500000e+04   1.97285273e-60   0.00000000e+00  
2.35500000e+04   6.09254366e-61   0.00000000e+00  
2.36500000e+04   1.87210913e-61   0.00000000e+00  
2.37500000e+04   5.72390214e-62   0.00000000e+00  
2.38500000e+04   1.74133275e-62   0.00000000e+00  
2.39500000e+04   5.27108308e-63   0.00000000e+00  
2.40500000e+04   1.58761971e-63   0.00000000e+00  
2.41500000e+04   4.75796926e-64   0.00000000e+00  
2.42500000e+04   1.41881349e-64   0.00000000e+00  
2.43500000e+04   4.20976171e-65   0.00000000e+00  
2.44500000e+04   1.24284865e-65   0.00000000e+00  
2.45500000e+04   3.65096362e-66   0.00000000e+00  
2.46500000e+04   1.06714957e-66   0.00000000e+00  
2.47500000e+04   3.10364191e-67   0.00000000e+00  
2.48500000e+04   8.98144986e-68   0.00000000e+00  
2.49500000e+04   2.58612683e-68   0.00000000e+00  
2.50500000e+04   7.40937742e-69   0.00000000e+00  
2.51500000e+04   2.11223455e-69   0.00000000e+00  
2.52500000e+04   5.99143836e-70   0.00000000e+00  
2.53500000e+04   1.69101934e-70   0.00000000e+00  
2.54500000e+04   4.74891705e-71   0.00000000e+00  
2.55500000e+04   1.32699449e-71   0.00000000e+00  
2.56500000e+04   3.68953966e-72   0.00000000e+00  
2.57500000e+04   1.02071330e-72   0.00000000e+00  
2.58500000e+04   2.80972549e-73   0.00000000e+00  
2.59500000e+04   7.69577811e-74   0.00000000e+00  
2.60500000e+04   2.09734421e-74   0.00000000e+00  
2.61500000e+04   5.68742146e-75   0.00000000e+00  
2.62500000e+04   1.53458038e-75   0.00000000e+00  
2.63500000e+04   4.11995429e-76   0.00000000e+00  
2.64500000e+04   1.10058523e-76   0.00000000e+00  
2.65500000e+04   2.92538811e-77   0.00000000e+00  
2.66500000e+04   7.73698637e-78   0.00000000e+00  
2.67500000e+04   2.03605122e-78   0.00000000e+00  
2.68500000e+04   5.33131192e-79   0.00000000e+00  
2.69500000e+04   1.38901845e-79   0.00000000e+00  
2.70500000e+04   3.60089505e-80   0.00000000e+00  
2.71500000e+04   9.28841136e-81   0.00000000e+00  
2.72500000e+04   2.38397088e-81   0.00000000e+00  
2.73500000e+04   6.08820094e-82   0.00000000e+00  
2.74500000e+04   1.54705423e-82   0.00000000e+00  
2.75500000e+04   3.91156566e-83   0.00000000e+00  
2.76500000e+04   9.84066029e-84   0.00000000e+00  
2.77500000e+04   2.46335148e-84   0.00000000e+00  
2.78500000e+04   6.13560019e-85   0.00000000e+00  
2.79500000e+04   1.52060443e-85   0.00000000e+00  
2.80500000e+04   3.74976435e-86   0.00000000e+00  
2.81500000e+04   9.20068640e-87   0.00000000e+00  
2.82500000e+04   2.24628579e-87   0.00000000e+00  
2.83500000e+04   5.45680353e-88   0.00000000e+00  
2.84500000e+04   1.31898590e-88   0.00000000e+00  
2.85500000e+04   3.17227272e-89   0.00000000e+00  
2.86500000e+04   7.59153165e-90   0.00000000e+00  
2.87500000e+04   1.80766032e-90   0.00000000e+00  
2.88500000e+04   4.28284909e-91   0.00000000e+00  
2.89500000e+04   1.00966487e-91   0.00000000e+00  
2.90500000e+04   2.36837379e-92   0.00000000e+00  
2.91500000e+04   5.52779305e-93   0.00000000e+00  
2.92500000e+04   1.28375406e-93   0.00000000e+00  
2.93500000e+04   2.96647311e-94   0.00000000e+00  
2.94500000e+04   6.82067769e-95   0.00000000e+00  
2.95500000e+04   1.56042596e-95   0.00000000e+00  
2.96500000e+04   3.55211758e-96   0.00000000e+00  
2.97500000e+04   8.04562947e-97   0.00000000e+00  
2.98500000e+04   1.81326488e-97   0.00000000e+00  
2.99500000e+04   4.06622119e-98   0.00000000e+00  
3.00500000e+04   9.07296585e-99   0.00000000e+00  
3.01500000e+04   2.01435533e-99   0.00000000e+00  
3.02500000e+04   4.44991191e-100   0.00000000e+00  
3.03500000e+04   9.78127059e-101   0.00000000e+00  
3.04500000e+04   2.13928015e-101   0.00000000e+00  
3.05500000e+04   4.65552406e-102   0.00000000e+00  
3.06500000e+04   1.00808701e-102   0.00000000e+00  
3.07500000e+04   2.17198084e-103   0.00000000e+00  
3.08500000e+04   4.65631644e-104   0.00000000e+00  
3.09500000e+04   9.93247572e-105   0.00000000e+00  
3.10500000e+04   2.10814785e-105   0.00000000e+00  
3.11500000e+04   4.45218442e-106   0.00000000e+00  
3.12500000e+04   9.35564543e-107   0.00000000e+00  
3.13500000e+04   1.95615331e-107   0.00000000e+00  
3.14500000e+04   4.06968273e-108   0.00000000e+00  
3.15500000e+04   8.42455062e-109   0.00000000e+00  
3.16500000e+04   1.73524764e-109   0.00000000e+00  
3.17500000e+04   3.55635175e-110   0.00000000e+00  
3.18500000e+04   7.25231206e-111   0.00000000e+00  
3.19500000e+04   1.47155597e-111   0.00000000e+00  
3.20500000e+04   2.97102026e-112   0.00000000e+00  
3.21500000e+04   5.96846937e-113   0.00000000e+00  
3.22500000e+04   1.19302310e-113   0.00000000e+00  
3.23500000e+04   2.37281165e-114   0.00000000e+00  
3.24500000e+04   4.69576338e-115   0.00000000e+00  
3.25500000e+04   9.24650634e-116   0.00000000e+00  
3.26500000e+04   1.81166405e-116   0.00000000e+00  
3.27500000e+04   3.53188202e-117   0.00000000e+00  
3.28500000e+04   6.85114624e-118   0.00000000e+00  
3.29500000e+04   1.32235729e-118   0.00000000e+00  
3.30500000e+04   2.53958598e-119   0.00000000e+00  
3.31500000e+04   4.85294705e-120   0.00000000e+00  
3.32500000e+04   9.22734402e-121   0.00000000e+00  
3.33500000e+04   1.74572729e-121   0.00000000e+00  
3.34500000e+04   3.28628039e-122   0.00000000e+00  
3.35500000e+04   6.15547198e-123   0.00000000e+00  
3.36500000e+04   1.14721979e-123   0.00000000e+00  
3.37500000e+04   2.12745522e-124   0.00000000e+00  
3.38500000e+04   3.92557024e-125   0.00000000e+00  
3.39500000e+04   7.20731669e-126   0.00000000e+00  
3.40500000e+04   1.31665801e-126   0.00000000e+00  
3.41500000e+04   2.39332069e-127   0.00000000e+00  
3.42500000e+04   4.32869843e-128   0.00000000e+00  
3.43500000e+04   7.79008675e-129   0.00000000e+00  
3.44500000e+04   1.39494083e-129   0.00000000e+00  
3.45500000e+04   2.48540864e-130   0.00000000e+00  
3.46500000e+04   4.40624205e-131   0.00000000e+00  
3.47500000e+04   7.77261979e-132   0.00000000e+00  
3.48500000e+04   1.36425334e-132   0.00000000e+00  
3.49500000e+04   2.38260009e-133   0.00000000e+00  
3.50500000e+04   4.14033814e-134   0.00000000e+00  
3.51500000e+04   7.15894450e-135   0.00000000e+00  
3.52500000e+04   1.23165963e-135   0.00000000e+00  
3.53500000e+04   2.10843854e-136   0.00000000e+00  
3.54500000e+04   3.59136639e-137   0.00000000e+00  
3.55500000e+04   6.08677164e-138   0.00000000e+00  
3.56500000e+04   1.02646189e-138   0.00000000e+00  
3.57500000e+04   1.72237289e-139   0.00000000e+00  
3.58500000e+04   2.87567670e-140   0.00000000e+00  
3.59500000e+04   4.77728843e-141   0.00000000e+00  
3.60500000e+04   7.89680467e-142   0.00000000e+00  
3.61500000e+04   1.29882266e-142   0.00000000e+00  
3.62500000e+04   2.12557701e-143   0.00000000e+00  
3.63500000e+04   3.46124514e-144   0.00000000e+00  
3.64500000e+04   5.60810843e-145   0.00000000e+00  
3.65500000e+04   9.04126029e-146   0.00000000e+00  
3.66500000e+04   1.45034082e-146   0.00000000e+00  
3.67500000e+04   2.31493977e-147   0.00000000e+00  
3.68500000e+04   3.67652776e-148   0.00000000e+00  
3.69500000e+04   5.80984479e-149   0.00000000e+00  
3.70500000e+04   9.13523531e-150   0.00000000e+00  
3.71500000e+04   1.42923445e-150   0.00000000e+00  
3.72500000e+04   2.22492686e-151   0.00000000e+00  
3.73500000e+04   3.44632738e-152   0.00000000e+00  
3.74500000e+04   5.31160595e-153   0.00000000e+00  
3.75500000e+04   8.14561154e-154   0.00000000e+00  
3.76500000e+04   1.24293973e-154   0.00000000e+00  
3.77500000e+04   1.88714370e-155   0.00000000e+00  
3.78500000e+04   2.85094212e-156   0.00000000e+00  
3.79500000e+04   4.28548872e-157   0.00000000e+00  
3.80500000e+04   6.40974631e-158   0.00000000e+00  
3.81500000e+04   9.53915385e-159   0.00000000e+00  
3.82500000e+04   1.41256159e-159   0.00000000e+00  
3.83500000e+04   2.08129413e-160   0.00000000e+00  
3.84500000e+04   3.05132210e-161   0.00000000e+00  
3.85500000e+04   4.45113921e-162   0.00000000e+00  
3.86500000e+04   6.46074837e-163   0.00000000e+00  
3.87500000e+04   9.33088860e-164   0.00000000e+00  
3.88500000e+04   1.34088555e-164   0.00000000e+00  
3.89500000e+04   1.91729501e-165   0.00000000e+00  
3.90500000e+04   2.72781368e-166   0.00000000e+00  
3.91500000e+04   3.86161516e-167   0.00000000e+00  
3.92500000e+04   5.43941013e-168   0.00000000e+00  
3.93500000e+04   7.62365349e-169   0.00000000e+00  
3.94500000e+04   1.06317075e-169   0.00000000e+00  
3.95500000e+04   1.47526968e-170   0.00000000e+00  
3.96500000e+04   2.03689360e-171   0.00000000e+00  
3.97500000e+04   2.79829694e-172   0.00000000e+00  
3.98500000e+04   3.82514390e-173   0.00000000e+00  
3.99500000e+04   5.20271800e-174   0.00000000e+00  
4.00500000e+04   7.04111314e-175   0.00000000e+00  
4.01500000e+04   9.48158377e-176   0.00000000e+00  
4.02500000e+04   1.27042484e-176   0.00000000e+00  
4.03500000e+04   1.69373553e-177   0.00000000e+00  
4.04500000e+04   2.24683274e-178   0.00000000e+00  
4.05500000e+04   2.96568088e-179   0.00000000e+00  
4.06500000e+04   3.89499244e-180   0.00000000e+00  
4.07500000e+04   5.08999492e-181   0.00000000e+00  
4.08500000e+04   6.61845477e-182   0.00000000e+00  
4.09500000e+04   8.56296936e-183   0.00000000e+00  
4.10500000e+04   1.10235304e-183   0.00000000e+00  
4.11500000e+04   1.41203526e-184   0.00000000e+00  
4.12500000e+04   1.79969500e-185   0.00000000e+00  
4.13500000e+04   2.28234243e-186   0.00000000e+00  
4.14500000e+04   2.87999164e-187   0.00000000e+00  
4.15500000e+04   3.61601461e-188   0.00000000e+00  
4.16500000e+04   4.51749473e-189   0.00000000e+00  
4.17500000e+04   5.61556760e-190   0.00000000e+00  
4.18500000e+04   6.94573472e-191   0.00000000e+00  
4.19500000e+04   8.54813264e-192   0.00000000e+00  
4.20500000e+04   1.04677379e-192   0.00000000e+00  
4.21500000e+04   1.27544858e-193   0.00000000e+00  
4.22500000e+04   1.54632793e-194   0.00000000e+00  
4.23500000e+04   1.86538625e-195   0.00000000e+00  
4.24500000e+04   2.23905349e-196   0.00000000e+00  
4.25500000e+04   2.67416804e-197   0.00000000e+00  
4.26500000e+04   3.17790893e-198   0.00000000e+00  
4.27500000e+04   3.75770540e-199   0.00000000e+00  
4.28500000e+04   4.42112239e-200   0.00000000e+00  
4.29500000e+04   5.17572120e-201   0.00000000e+00  
4.30500000e+04   6.02889525e-202   0.00000000e+00  
4.31500000e+04   6.98768195e-203   0.00000000e+00  
4.32500000e+04   8.05855267e-204   0.00000000e+00  
4.33500000e+04   9.24718392e-205   0.00000000e+00  
4.34500000e+04   1.05582142e-205   0.00000000e+00  
4.35500000e+04   1.19949922e-206   0.00000000e+00  
4.36500000e+04   1.35593228e-207   0.00000000e+00  
4.37500000e+04   1.52512190e-208   0.00000000e+00  
4.38500000e+04   1.70686685e-209   0.00000000e+00  
4.39500000e+04   1.90074237e-210   0.00000000e+00  
4.40500000e+04   2.10608257e-211   0.00000000e+00  
4.41500000e+04   2.32196710e-212   0.00000000e+00  
4.42500000e+04   2.54721297e-213   0.00000000e+00  
4.43500000e+04   2.78037247e-214   0.00000000e+00  
4.44500000e+04   3.01973776e-215   0.00000000e+00  
4.45500000e+04   3.26335265e-216   0.00000000e+00  
4.46500000e+04   3.50903187e-217   0.00000000e+00  
4.47500000e+04   3.75438794e-218   0.00000000e+00  
4.48500000e+04   3.99686525e-219   0.00000000e+00  
4.49500000e+04   4.23378105e-220   0.00000000e+00  
4.50500000e+04   4.46237239e-221   0.00000000e+00  
4.51500000e+04   4.67984807e-222   0.00000000e+00  
4.52500000e+04   4.88344414e-223   0.00000000e+00  
4.53500000e+04   5.07048174e-224   0.00000000e+00  
4.54500000e+04   5.23842523e-225   0.00000000e+00  
4.55500000e+04   5.38493918e-226   0.00000000e+00  
4.56500000e+04   5.50794232e-227   0.00000000e+00  
4.57500000e+04   5.60565664e-228   0.00000000e+00  
4.58500000e+04   5.67665015e-229   0.00000000e+00  
4.59500000e+04   5.71987178e-230   0.00000000e+00  
4.60500000e+04   5.73467731e-231   0.00000000e+00  
4.61500000e+04   5.72084530e-232   0.00000000e+00  
4.62500000e+04   5.67858265e-233   0.00000000e+00  
4.63500000e+04   5.60851939e-234   0.00000000e+00  
4.64500000e+04   5.51169310e-235   0.00000000e+00  
4.65500000e+04   5.38952334e-236   0.00000000e+00  
4.66500000e+04   5.24377700e-237   0.00000000e+00  
4.67500000e+04   5.07652581e-238   0.00000000e+00  
4.68500000e+04   4.89009742e-239   0.00000000e+00  
4.69500000e+04   4.68702156e-240   0.00000000e+00  
4.70500000e+04   4.46997319e-241   0.00000000e+00  
4.71500000e+04   4.24171430e-242   0.00000000e+00  
4.72500000e+04   4.00503611e-243   0.00000000e+00  
4.73500000e+04   3.76270341e-244   0.00000000e+00  
4.74500000e+04   3.51740247e-245   0.00000000e+00  
4.75500000e+04   3.27169394e-246   0.00000000e+00  
4.76500000e+04   3.02797164e-247   0.00000000e+00  
4.77500000e+04   2.78842818e-248   0.00000000e+00  
4.78500000e+04   2.55502793e-249   0.00000000e+00  
4.79500000e+04   2.32948741e-250   0.00000000e+00  
4.80500000e+04   2.11326330e-251   0.00000000e+00  
4.81500000e+04   1.90754759e-252   0.00000000e+00  
4.82500000e+04   1.71326949e-253   0.00000000e+00  
4.83500000e+04   1.53110335e-254   0.00000000e+00  
4.84500000e+04   1.36148187e-255   0.00000000e+00  
4.85500000e+04   1.20461355e-256   0.00000000e+00  
4.86500000e+04   1.06050361e-257   0.00000000e+00  
4.87500000e+04   9.28977270e-259   0.00000000e+00  
4.88500000e+04   8.09704499e-260   0.00000000e+00  
4.89500000e+04   7.02225416e-261   0.00000000e+00  
4.90500000e+04   6.05975496e-262   0.00000000e+00  
4.91500000e+04   5.20309925e-263   0.00000000e+00  
4.92500000e+04   4.44526529e-264   0.00000000e+00  
4.93500000e+04   3.77886857e-265   0.00000000e+00  
4.94500000e+04   3.19635065e-266   0.00000000e+00  
4.95500000e+04   2.69014428e-267   0.00000000e+00  
4.96500000e+04   2.25281360e-268   0.00000000e+00  
4.97500000e+04   1.87716942e-269   0.00000000e+00  
4.98500000e+04   1.55636054e-270   0.00000000e+00  
4.99500000e+04   1.28394222e-271   0.00000000e+00  
5.00500000e+04   1.05392395e-272   0.00000000e+00  
5.01500000e+04   8.60798689e-274   0.00000000e+00  
5.02500000e+04   6.99555938e-275   0.00000000e+00  
5.03500000e+04   5.65681304e-276   0.00000000e+00  
5.04500000e+04   4.55144953e-277   0.00000000e+00  
5.05500000e+04   3.64381370e-278   0.00000000e+00  
5.06500000e+04   2.90262629e-279   0.00000000e+00  
5.07500000e+04   2.30067150e-280   0.00000000e+00  
5.08500000e+04   1.81445679e-281   0.00000000e+00  
5.09500000e+04   1.42385962e-282   0.00000000e+00  
5.10500000e+04   1.11177331e-283   0.00000000e+00  
5.11500000e+04   8.63761500e-285   0.00000000e+00  
5.12500000e+04   6.67728586e-286   0.00000000e+00  
5.13500000e+04   5.13611362e-287   0.00000000e+00  
5.14500000e+04   3.93095258e-288   0.00000000e+00  
5.15500000e+04   2.99357066e-289   0.00000000e+00  
5.16500000e+04   2.26834835e-290   0.00000000e+00  
5.17500000e+04   1.71024573e-291   0.00000000e+00  
5.18500000e+04   1.28302703e-292   0.00000000e+00  
5.19500000e+04   9.57726768e-294   0.00000000e+00  
5.20500000e+04   7.11337940e-295   0.00000000e+00  
5.21500000e+04   5.25701054e-296   0.00000000e+00  
5.22500000e+04   3.86571871e-297   0.00000000e+00  
5.23500000e+04   2.82846090e-298   0.00000000e+00  
5.24500000e+04   2.05920051e-299   0.00000000e+00  
5.25500000e+04   1.49167985e-300   0.00000000e+00  
5.26500000e+04   1.07517989e-301   0.00000000e+00  
5.27500000e+04   7.71107940e-303   0.00000000e+00  
5.28500000e+04   5.50272415e-304   0.00000000e+00  
5.29500000e+04   3.90722875e-305   0.00000000e+00  
5.30500000e+04   2.76050451e-306   0.00000000e+00  
5.31500000e+04   1.94060261e-307   0.00000000e+00  
5.32500000e+04   1.35741702e-308   0.00000000e+00  
5.33500000e+04   9.44753469e-310   0.00000000e+00  
5.34500000e+04   6.54262801e-311   0.00000000e+00  
5.35500000e+04   4.50831746e-312   0.00000000e+00  
5.36500000e+04   3.09104465e-313   0.00000000e+00  
5.37500000e+04   2.10874756e-314   0.00000000e+00  
5.38500000e+04   1.43143766e-315   0.00000000e+00  
5.39500000e+04   9.66827082e-317   0.00000000e+00  
5.40500000e+04   6.49761047e-318   0.00000000e+00  
5.41500000e+04   4.34496151e-319   0.00000000e+00  
5.42500000e+04   2.89077809e-320   0.00000000e+00  
5.43500000e+04   1.91203405e-321   0.00000000e+00  
5.44500000e+04   1.28457068e-322   0.00000000e+00  
5.45500000e+04   9.88131292e-324   0.00000000e+00  
5.46500000e+04   0.00000000e+00   0.00000000e+00  
5.47500000e+04   0.00000000e+00   0.00000000e+00  
5.48500000e+04   0.00000000e+00   0.00000000e+00  
5.49500000e+04   0.00000000e+00   0.00000000e+00  
5.50500000e+04   0.00000000e+00   0.00000000e+00  
5.51500000e+04   0.00000000e+00   0.00000000e+00  
5.52500000e+04   0.00000000e+00   0.00000000e+00  
5.53500000e+04   0.00000000e+00   0.00000000e+00  
5.54500000e+04   0.00000000e+00   0.00000000e+00  
5.55500000e+04   0.00000000e+00   0.00000000e+00  
5.56500000e+04   0.00000000e+00   0.00000000e+00  
5.57500000e+04   0.00000000e+00   0.00000000e+00  
5.58500000e+04   0.00000000e+00   0.00000000e+00  
5.59500000e+04   0.00000000e+00   0.00000000e+00  
5.60500000e+04   0.00000000e+00   0.00000000e+00  
5.61500000e+04   0.00000000e+00   0.00000000e+00  
5.62500000e+04   0.00000000e+00   0.00000000e+00  
5.63500000e+04   0.00000000e+00   0.00000000e+00  
5.64500000e+04   0.00000000e+00   0.00000000e+00  
5.65500000e+04   0.00000000e+00   0.00000000e+00  
5.66500000e+04   0.00000000e+00   0.00000000e+00  
5.67500000e+04   0.00000000e+00   0.00000000e+00  
5.68500000e+04   0.00000000e+00   0.00000000e+00  
5.69500000e+04   0.00000000e+00   0.00000000e+00  
5.70500000e+04   0.00000000e+00   0.00000000e+00  
5.71500000e+04   0.00000000e+00   0.00000000e+00  
5.72500000e+04   0.00000000e+00   0.00000000e+00  
5.73500000e+04   0.00000000e+00   0.00000000e+00  
5.74500000e+04   0.00000000e+00   0.00000000e+00  
5.75500000e+04   0.00000000e+00   0.00000000e+00  
5.76500000e+04   0.00000000e+00   0.00000000e+00  
5.77500000e+04   0.00000000e+00   0.00000000e+00  
5.78500000e+04   0.00000000e+00   0.00000000e+00  
5.79500000e+04   0.00000000e+00   0.00000000e+00  
5.80500000e+04   0.00000000e+00   0.00000000e+00  
5.81500000e+04   0.00000000e+00   0.00000000e+00  
5.82500000e+04   0.00000000e+00   0.00000000e+00  
5.83500000e+04   0.00000000e+00   0.00000000e+00  
5.84500000e+04   0.00000000e+00   0.00000000e+00  
5.85500000e+04   0.00000000e+00   0.00000000e+00  
5.86500000e+04   0.00000000e+00   0.00000000e+00  
5.87500000e+04   0.00000000e+00   0.00000000e+00  
5.88500000e+04   0.00000000e+00   0.00000000e+00  
5.89500000e+04   0.00000000e+00   0.00000000e+00  
5.90500000e+04   0.00000000e+00   0.00000000e+00  
5.91500000e+04   0.00000000e+00   0.00000000e+00  
5.92500000e+04   0.00000000e+00   0.00000000e+00  
5.93500000e+04   0.00000000e+00   0.00000000e+00  
5.94500000e+04   0.00000000e+00   0.00000000e+00  
5.95500000e+04   0.00000000e+00   0.00000000e+00  
5.96500000e+04   0.00000000e+00   0.00000000e+00  
5.97500000e+04   0.00000000e+00   0.00000000e+00  
5.98500000e+04   0.00000000e+00   0.00000000e+00  
5.99500000e+04   0.00000000e+00   0.00000000e+00  
6.00500000e+04   0.00000000e+00   0.00000000e+00  
6.01500000e+04   0.00000000e+00   0.00000000e+00  
6.02500000e+04   0.00000000e+00   0.00000000e+00  
6.03500000e+04   0.00000000e+00   0.00000000e+00  
6.04500000e+04   0.00000000e+00   0.00000000e+00  
6.05500000e+04   0.00000000e+00   0.00000000e+00  
6.06500000e+04   0.00000000e+00   0.00000000e+00  
6.07500000e+04   0.00000000e+00   0.00000000e+00  
6.08500000e+04   0.00000000e+00   0.00000000e+00  
6.09500000e+04   0.00000000e+00   0.00000000e+00  
6.10500000e+04   0.00000000e+00   0.00000000e+00  
6.11500000e+04   0.00000000e+00   0.00000000e+00  
6.12500000e+04   0.00000000e+00   0.00000000e+00  
6.13500000e+04   0.00000000e+00   0.00000000e+00  
6.14500000e+04   0.00000000e+00   0.00000000e+00  
6.15500000e+04   0.00000000e+00   0.00000000e+00  
6.16500000e+04   0.00000000e+00   0.00000000e+00  
6.17500000e+04   0.00000000e+00   0.00000000e+00  
6.18500000e+04   0.00000000e+00   0.00000000e+00  
6.19500000e+04   0.00000000e+00   0.00000000e+00  
6.20500000e+04   0.00000000e+00   0.00000000e+00  
6.21500000e+04   0.00000000e+00   0.00000000e+00  
6.22500000e+04   0.00000000e+00   0.00000000e+00  
6.23500000e+04   0.00000000e+00   0.00000000e+00  
6.24500000e+04   0.00000000e+00   0.00000000e+00  
6.25500000e+04   0.00000000e+00   0.00000000e+00  
6.26500000e+04   0.00000000e+00   0.00000000e+00  
6.27500000e+04   0.00000000e+00   0.00000000e+00  
6.28500000e+04   0.00000000e+00   0.00000000e+00  
6.29500000e+04   0.00000000e+00   0.00000000e+00  
6.30500000e+04   0.00000000e+00   0.00000000e+00  
6.31500000e+04   0.00000000e+00   0.00000000e+00  
6.32500000e+04   0.00000000e+00   0.00000000e+00  
6.33500000e+04   0.00000000e+00   0.00000000e+00  
6.34500000e+04   0.00000000e+00   0.00000000e+00  
6.35500000e+04   0.00000000e+00   0.00000000e+00  
6.36500000e+04   0.00000000e+00   0.00000000e+00  
6.37500000e+04   0.00000000e+00   0.00000000e+00  
6.38500000e+04   0.00000000e+00   0.00000000e+00  
6.39500000e+04   0.00000000e+00   0.00000000e+00  
6.40500000e+04   0.00000000e+00   0.00000000e+00  
6.41500000e+04   0.00000000e+00   0.00000000e+00  
6.42500000e+04   0.00000000e+00   0.00000000e+00  
6.43500000e+04   0.00000000e+00   0.00000000e+00  
6.44500000e+04   0.00000000e+00   0.00000000e+00  
6.45500000e+04   0.00000000e+00   0.00000000e+00  
6.46500000e+04   0.00000000e+00   0.00000000e+00  
6.47500000e+04   0.00000000e+00   0.00000000e+00  
6.48500000e+04   0.00000000e+00   0.00000000e+00  
6.49500000e+04   0.00000000e+00   0.00000000e+00  
6.50500000e+04   0.00000000e+00   0.00000000e+00  
6.51500000e+04   0.00000000e+00   0.00000000e+00  
6.52500000e+04   0.00000000e+00   0.00000000e+00  
6.53500000e+04   0.00000000e+00   0.00000000e+00  
6.54500000e+04   0.00000000e+00   0.00000000e+00  
6.55500000e+04   0.00000000e+00   0.00000000e+00  
6.56500000e+04   0.00000000e+00   0.00000000e+00  
6.57500000e+04   0.00000000e+00   0.00000000e+00  
6.58500000e+04   0.00000000e+00   0.00000000e+00  
6.59500000e+04   0.00000000e+00   0.00000000e+00  
6.60500000e+04   0.00000000e+00   0.00000000e+00  
6.61500000e+04   0.00000000e+00   0.00000000e+00  
6.62500000e+04   0.00000000e+00   0.00000000e+00  
6.63500000e+04   0.00000000e+00   0.00000000e+00  
6.64500000e+04   0.00000000e+00   0.00000000e+00  
6.65500000e+04   0.00000000e+00   0.00000000e+00  
6.66500000e+04   0.00000000e+00   0.00000000e+00  
6.67500000e+04   0.00000000e+00   0.00000000e+00  
6.68500000e+04   0.00000000e+00   0.00000000e+00  
6.69500000e+04   0.00000000e+00   0.00000000e+00  
6.70500000e+04   0.00000000e+00   0.00000000e+00  
6.71500000e+04   0.00000000e+00   0.00000000e+00  
6.72500000e+04   0.00000000e+00   0.00000000e+00  
6.73500000e+04   0.00000000e+00   0.00000000e+00  
6.74500000e+04   0.00000000e+00   0.00000000e+00  
6.75500000e+04   0.00000000e+00   0.00000000e+00  
6.76500000e+04   0.00000000e+00   0.00000000e+00  
6.77500000e+04   0.00000000e+00   0.00000000e+00  
6.78500000e+04   0.00000000e+00   0.00000000e+00  
6.79500000e+04   0.00000000e+00   0.00000000e+00  
6.80500000e+04   0.00000000e+00   0.00000000e+00  
6.81500000e+04   0.00000000e+00   0.00000000e+00  
6.82500000e+04   0.00000000e+00   0.00000000e+00  
6.83500000e+04   0.00000000e+00   0.00000000e+00  
6.84500000e+04   0.00000000e+00   0.00000000e+00  
6.85500000e+04   0.00000000e+00   0.00000000e+00  
6.86500000e+04   0.00000000e+00   0.00000000e+00  
6.87500000e+04   0.00000000e+00   0.00000000e+00  
6.88500000e+04   0.00000000e+00   0.00000000e+00  
6.89500000e+04   0.00000000e+00   0.00000000e+00  
6.90500000e+04   0.00000000e+00   0.00000000e+00  
6.91500000e+04   0.00000000e+00   0.00000000e+00  
6.92500000e+04   0.00000000e+00   0.00000000e+00  
6.93500000e+04   0.00000000e+00   0.00000000e+00  
6.94500000e+04   0.00000000e+00   0.00000000e+00  
6.95500000e+04   0.00000000e+00   0.00000000e+00  
6.96500000e+04   0.00000000e+00   0.00000000e+00  
6.97500000e+04   0.00000000e+00   0.00000000e+00  
6.98500000e+04   0.00000000e+00   0.00000000e+00  
6.99500000e+04   0.00000000e+00   0.00000000e+00  
7.00500000e+04   0.00000000e+00   0.00000000e+00  
7.01500000e+04   0.00000000e+00   0.00000000e+00  
7.02500000e+04   0.00000000e+00   0.00000000e+00  
7.03500000e+04   0.00000000e+00   0.00000000e+00  
7.04500000e+04   0.00000000e+00   0.00000000e+00  
7.05500000e+04   0.00000000e+00   0.00000000e+00  
7.06500000e+04   0.00000000e+00   0.00000000e+00  
7.07500000e+04   0.00000000e+00   0.00000000e+00  
7.08500000e+04   0.00000000e+00   0.00000000e+00  
7.09500000e+04   0.00000000e+00   0.00000000e+00  
7.10500000e+04   0.00000000e+00   0.00000000e+00  
7.11500000e+04   0.00000000e+00   0.00000000e+00  
7.12500000e+04   0.00000000e+00   0.00000000e+00  
7.13500000e+04   0.00000000e+00   0.00000000e+00  
7.14500000e+04   0.00000000e+00   0.00000000e+00  
7.15500000e+04   0.00000000e+00   0.00000000e+00  
7.16500000e+04   0.00000000e+00   0.00000000e+00  
7.17500000e+04   0.00000000e+00   0.00000000e+00  
7.18500000e+04   0.00000000e+00   0.00000000e+00  
7.19500000e+04   0.00000000e+00   0.00000000e+00  
7.20500000e+04   0.00000000e+00   0.00000000e+00  
7.21500000e+04   0.00000000e+00   0.00000000e+00  
7.22500000e+04   0.00000000e+00   0.00000000e+00  
7.23500000e+04   0.00000000e+00   0.00000000e+00  
7.24500000e+04   0.00000000e+00   0.00000000e+00  
7.25500000e+04   0.00000000e+00   0.00000000e+00  
7.26500000e+04   0.00000000e+00   0.00000000e+00  
7.27500000e+04   0.00000000e+00   0.00000000e+00  
7.28500000e+04   0.00000000e+00   0.00000000e+00  
7.29500000e+04   0.00000000e+00   0.00000000e+00  
7.30500000e+04   0.00000000e+00   0.00000000e+00  
7.31500000e+04   0.00000000e+00   0.00000000e+00  
7.32500000e+04   0.00000000e+00   0.00000000e+00  
7.33500000e+04   0.00000000e+00   0.00000000e+00  
7.34500000e+04   0.00000000e+00   0.00000000e+00  
7.35500000e+04   0.00000000e+00   0.00000000e+00  
7.36500000e+04   0.00000000e+00   0.00000000e+00  
7.37500000e+04   0.00000000e+00   0.00000000e+00  
7.38500000e+04   0.00000000e+00   0.00000000e+00  
7.39500000e+04   0.00000000e+00   0.00000000e+00  
7.40500000e+04   0.00000000e+00   0.00000000e+00  
7.41500000e+04   0.00000000e+00   0.00000000e+00  
7.42500000e+04   0.00000000e+00   0.00000000e+00  
7.43500000e+04   0.00000000e+00   0.00000000e+00  
7.44500000e+04   0.00000000e+00   0.00000000e+00  
7.45500000e+04   0.00000000e+00   0.00000000e+00  
7.46500000e+04   0.00000000e+00   0.00000000e+00  
7.47500000e+04   0.00000000e+00   0.00000000e+00  
7.48500000e+04   0.00000000e+00   0.00000000e+00  
7.49500000e+04   0.00000000e+00   0.00000000e+00  
7.50500000e+04   0.00000000e+00   0.00000000e+00  
7.51500000e+04   0.00000000e+00   0.00000000e+00  
7.52500000e+04   0.00000000e+00   0.00000000e+00  
7.53500000e+04   0.00000000e+00   0.00000000e+00  
7.54500000e+04   0.00000000e+00   0.00000000e+00  
7.55500000e+04   0.00000000e+00   0.00000000e+00  
7.56500000e+04   0.00000000e+00   0.00000000e+00  
7.57500000e+04   0.00000000e+00   0.00000000e+00  
7.58500000e+04   0.00000000e+00   0.00000000e+00  
7.59500000e+04   0.00000000e+00   0.00000000e+00  
7.60500000e+04   0.00000000e+00   0.00000000e+00  
7.61500000e+04   0.00000000e+00   0.00000000e+00  
7.62500000e+04   0.00000000e+00   0.00000000e+00  
7.63500000e+04   0.00000000e+00   0.00000000e+00  
7.64500000e+04   0.00000000e+00   0.00000000e+00  
7.65500000e+04   0.00000000e+00   0.00000000e+00  
7.66500000e+04   0.00000000e+00   0.00000000e+00  
7.67500000e+04   0.00000000e+00   0.00000000e+00  
7.68500000e+04   0.00000000e+00   0.00000000e+00  
7.69500000e+04   0.00000000e+00   0.00000000e+00  
7.70500000e+04   0.00000000e+00   0.00000000e+00  
7.71500000e+04   0.00000000e+00   0.00000000e+00  
7.72500000e+04   0.00000000e+00   0.00000000e+00  
7.73500000e+04   0.00000000e+00   0.00000000e+00  
7.74500000e+04   0.00000000e+00   0.00000000e+00  
7.75500000e+04   0.00000000e+00   0.00000000e+00  
7.76500000e+04   0.00000000e+00   0.00000000e+00  
7.77500000e+04   0.00000000e+00   0.00000000e+00  
7.78500000e+04   0.00000000e+00   0.00000000e+00  
7.79500000e+04   0.00000000e+00   0.00000000e+00  
7.80500000e+04   0.00000000e+00   0.00000000e+00  
7.81500000e+04   0.00000000e+00   0.00000000e+00  
7.82500000e+04   0.00000000e+00   0.00000000e+00  
7.83500000e+04   0.00000000e+00   0.00000000e+00  
7.84500000e+04   0.00000000e+00   0.00000000e+00  
7.85500000e+04   0.00000000e+00   0.00000000e+00  
7.86500000e+04   0.00000000e+00   0.00000000e+00  
7.87500000e+04   0.00000000e+00   0.00000000e+00  
7.88500000e+04   0.00000000e+00   0.00000000e+00  
7.89500000e+04   0.00000000e+00   0.00000000e+00  
7.90500000e+04   0.00000000e+00   0.00000000e+00  
7.91500000e+04   0.00000000e+00   0.00000000e+00  
7.92500000e+04   0.00000000e+00   0.00000000e+00  
7.93500000e+04   0.00000000e+00   0.00000000e+00  
7.94500000e+04   0.00000000e+00   0.00000000e+00  
7.95500000e+04   0.00000000e+00   0.00000000e+00  
7.96500000e+04   0.00000000e+00   0.00000000e+00  
7.97500000e+04   0.00000000e+00   0.00000000e+00  
7.98500000e+04   0.00000000e+00   0.00000000e+00  
7.99500000e+04   0.00000000e+00   0.00000000e+00  
8.00500000e+04   0.00000000e+00   0.00000000e+00  
8.01500000e+04   0.00000000e+00   0.00000000e+00  
8.02500000e+04   0.00000000e+00   0.00000000e+00  
8.03500000e+04   0.00000000e+00   0.00000000e+00  
8.04500000e+04   0.00000000e+00   0.00000000e+00  
8.05500000e+04   0.00000000e+00   0.00000000e+00  
8.06500000e+04   0.00000000e+00   0.00000000e+00  
8.07500000e+04   0.00000000e+00   0.00000000e+00  
8.08500000e+04   0.00000000e+00   0.00000000e+00  
8.09500000e+04   0.00000000e+00   0.00000000e+00  
8.10500000e+04   0.00000000e+00   0.00000000e+00  
8.11500000e+04   0.00000000e+00   0.00000000e+00  
8.12500000e+04   0.00000000e+00   0.00000000e+00  
8.13500000e+04   0.00000000e+00   0.00000000e+00  
8.14500000e+04   0.00000000e+00   0.00000000e+00  
8.15500000e+04   0.00000000e+00   0.00000000e+00  
8.16500000e+04   0.00000000e+00   0.00000000e+00  
8.17500000e+04   0.00000000e+00   0.00000000e+00  
8.18500000e+04   0.00000000e+00   0.00000000e+00  
8.19500000e+04   0.00000000e+00   0.00000000e+00  
8.20500000e+04   0.00000000e+00   0.00000000e+00  
8.21500000e+04   0.00000000e+00   0.00000000e+00  
8.22500000e+04   0.00000000e+00   0.00000000e+00  
8.23500000e+04   0.00000000e+00   0.00000000e+00  
8.24500000e+04   0.00000000e+00   0.00000000e+00  
8.25500000e+04   0.00000000e+00   0.00000000e+00  
8.26500000e+04   0.00000000e+00   0.00000000e+00  
8.27500000e+04   0.00000000e+00   0.00000000e+00  
8.28500000e+04   0.00000000e+00   0.00000000e+00  
8.29500000e+04   0.00000000e+00   0.00000000e+00  
8.30500000e+04   0.00000000e+00   0.00000000e+00  
8.31500000e+04   0.00000000e+00   0.00000000e+00  
8.32500000e+04   0.00000000e+00   0.00000000e+00  
8.33500000e+04   0.00000000e+00   0.00000000e+00  
8.34500000e+04   0.00000000e+00   0.00000000e+00  
8.35500000e+04   0.00000000e+00   0.00000000e+00  
8.36500000e+04   0.00000000e+00   0.00000000e+00  
8.37500000e+04   0.00000000e+00   0.00000000e+00  
8.38500000e+04   0.00000000e+00   0.00000000e+00  
8.39500000e+04   0.00000000e+00   0.00000000e+00  
8.40500000e+04   0.00000000e+00   0.00000000e+00  
8.41500000e+04   0.00000000e+00   0.00000000e+00  
8.42500000e+04   0.00000000e+00   0.00000000e+00  
8.43500000e+04   0.00000000e+00   0.00000000e+00  
8.44500000e+04   0.00000000e+00   0.00000000e+00  
8.45500000e+04   0.00000000e+00   0.00000000e+00  
8.46500000e+04   0.00000000e+00   0.00000000e+00  
8.47500000e+04   0.00000000e+00   0.00000000e+00  
8.48500000e+04   0.00000000e+00   0.00000000e+00  
8.49500000e+04   0.00000000e+00   0.00000000e+00  
8.50500000e+04   0.00000000e+00   0.00000000e+00  
8.51500000e+04   0.00000000e+00   0.00000000e+00  
8.52500000e+04   0.00000000e+00   0.00000000e+00  
8.53500000e+04   0.00000000e+00   0.00000000e+00  
8.54500000e+04   0.00000000e+00   0.00000000e+00  
8.55500000e+04   0.00000000e+00   0.00000000e+00  
8.56500000e+04   0.00000000e+00   0.00000000e+00  
8.57500000e+04   0.00000000e+00   0.00000000e+00  
8.58500000e+04   0.00000000e+00   0.00000000e+00  
8.59500000e+04   0.00000000e+00   0.00000000e+00  
8.60500000e+04   0.00000000e+00   0.00000000e+00  
8.61500000e+04   0.00000000e+00   0.00000000e+00  
8.62500000e+04   0.00000000e+00   0.00000000e+00  
8.63500000e+04   0.00000000e+00   0.00000000e+00  
8.64500000e+04   0.00000000e+00   0.00000000e+00  
8.65500000e+04   0.00000000e+00   0.00000000e+00  
8.66500000e+04   0.00000000e+00   0.00000000e+00  
8.67500000e+04   0.00000000e+00   0.00000000e+00  
8.68500000e+04   0.00000000e+00   0.00000000e+00  
8.69500000e+04   0.00000000e+00   0.00000000e+00  
8.70500000e+04   0.00000000e+00   0.00000000e+00  
8.71500000e+04   0.00000000e+00   0.00000000e+00  
8.72500000e+04   0.00000000e+00   0.00000000e+00  
8.73500000e+04   0.00000000e+00   0.00000000e+00  
8.74500000e+04   0.00000000e+00   0.00000000e+00  
8.75500000e+04   0.00000000e+00   0.00000000e+00  
8.76500000e+04   0.00000000e+00   0.00000000e+00  
8.77500000e+04   0.00000000e+00   0.00000000e+00  
8.78500000e+04   0.00000000e+00   0.00000000e+00  
8.79500000e+04   0.00000000e+00   0.00000000e+00  
8.80500000e+04   0.00000000e+00   0.00000000e+00  
8.81500000e+04   0.00000000e+00   0.00000000e+00  
8.82500000e+04   0.00000000e+00   0.00000000e+00  
8.83500000e+04   0.00000000e+00   0.00000000e+00  
8.84500000e+04   0.00000000e+00   0.00000000e+00  
8.85500000e+04   0.00000000e+00   0.00000000e+00  
8.86500000e+04   0.00000000e+00   0.00000000e+00  
8.87500000e+04   0.00000000e+00   0.00000000e+00  
8.88500000e+04   0.00000000e+00   0.00000000e+00  
8.89500000e+04   0.00000000e+00   0.00000000e+00  
8.90500000e+04   0.00000000e+00   0.00000000e+00  
8.91500000e+04   0.00000000e+00   0.00000000e+00  
8.92500000e+04   0.00000000e+00   0.00000000e+00  
8.93500000e+04   0.00000000e+00   0.00000000e+00  
8.94500000e+04   0.00000000e+00   0.00000000e+00  
8.95500000e+04   0.00000000e+00   0.00000000e+00  
8.96500000e+04   0.00000000e+00   0.00000000e+00  
8.97500000e+04   0.00000000e+00   0.00000000e+00  
8.98500000e+04   0.00000000e+00   0.00000000e+00  
8.99500000e+04   0.00000000e+00   0.00000000e+00  
9.00500000e+04   0.00000000e+00   0.00000000e+00  
9.01500000e+04   0.00000000e+00   0.00000000e+00  
9.02500000e+04   0.00000000e+00   0.00000000e+00  
9.03500000e+04   0.00000000e+00   0.00000000e+00  
9.04500000e+04   0.00000000e+00   0.00000000e+00  
9.05500000e+04   0.00000000e+00   0.00000000e+00  
9.06500000e+04   0.00000000e+00   0.00000000e+00  
9.07500000e+04   0.00000000e+00   0.00000000e+00  
9.08500000e+04   0.00000000e+00   0.00000000e+00  
9.09500000e+04   0.00000000e+00   0.00000000e+00  
9.10500000e+04   0.00000000e+00   0.00000000e+00  
9.11500000e+04   0.00000000e+00   0.00000000e+00  
9.12500000e+04   0.00000000e+00   0.00000000e+00  
9.13500000e+04   0.00000000e+00   0.00000000e+00  
9.14500000e+04   0.00000000e+00   0.00000000e+00  
9.15500000e+04   0.00000000e+00   0.00000000e+00  
9.16500000e+04   0.00000000e+00   0.00000000e+00  
9.17500000e+04   0.00000000e+00   0.00000000e+00  
9.18500000e+04   0.00000000e+00   0.00000000e+00  
9.19500000e+04   0.00000000e+00   0.00000000e+00  
9.20500000e+04   0.00000000e+00   0.00000000e+00  
9.21500000e+04   0.00000000e+00   0.00000000e+00  
9.22500000e+04   0.00000000e+00   0.00000000e+00  
9.23500000e+04   0.00000000e+00   0.00000000e+00  
9.24500000e+04   0.00000000e+00   0.00000000e+00  
9.25500000e+04   0.00000000e+00   0.00000000e+00  
9.26500000e+04   0.00000000e+00   0.00000000e+00  
9.27500000e+04   0.00000000e+00   0.00000000e+00  
9.28500000e+04   0.00000000e+00   0.00000000e+00  
9.29500000e+04   0.00000000e+00   0.00000000e+00  
9.30500000e+04   0.00000000e+00   0.00000000e+00  
9.31500000e+04   0.00000000e+00   0.00000000e+00  
9.32500000e+04   0.00000000e+00   0.00000000e+00  
9.33500000e+04   0.00000000e+00   0.00000000e+00  
9.34500000e+04   0.00000000e+00   0.00000000e+00  
9.35500000e+04   0.00000000e+00   0.00000000e+00  
9.36500000e+04   0.00000000e+00   0.00000000e+00  
9.37500000e+04   0.00000000e+00   0.00000000e+00  
9.38500000e+04   0.00000000e+00   0.00000000e+00  
9.39500000e+04   0.00000000e+00   0.00000000e+00  
9.40500000e+04   0.00000000e+00   0.00000000e+00  
9.41500000e+04   0.00000000e+00   0.00000000e+00  
9.42500000e+04   0.00000000e+00   0.00000000e+00  
9.43500000e+04   0.00000000e+00   0.00000000e+00  
9.44500000e+04   0.00000000e+00   0.00000000e+00  
9.45500000e+04   0.00000000e+00   0.00000000e+00  
9.46500000e+04   0.00000000e+00   0.00000000e+00  
9.47500000e+04   0.00000000e+00   0.00000000e+00  
9.48500000e+04   0.00000000e+00   0.00000000e+00  
9.49500000e+04   0.00000000e+00   0.00000000e+00  
9.50500000e+04   0.00000000e+00   0.00000000e+00  
9.51500000e+04   0.00000000e+00   0.00000000e+00  
9.52500000e+04   0.00000000e+00   0.00000000e+00  
9.53500000e+04   0.00000000e+00   0.00000000e+00  
9.54500000e+04   0.00000000e+00   0.00000000e+00  
9.55500000e+04   0.00000000e+00   0.00000000e+00  
9.56500000e+04   0.00000000e+00   0.00000000e+00  
9.57500000e+04   0.00000000e+00   0.00000000e+00  
9.58500000e+04   0.00000000e+00   0.00000000e+00  
9.59500000e+04   0.00000000e+00   0.00000000e+00  
9.60500000e+04   0.00000000e+00   0.00000000e+00  
9.61500000e+04   0.00000000e+00   0.00000000e+00  
9.62500000e+04   0.00000000e+00   0.00000000e+00  
9.63500000e+04   0.00000000e+00   0.00000000e+00  
9.64500000e+04   0.00000000e+00   0.00000000e+00  
9.65500000e+04   0.00000000e+00   0.00000000e+00  
9.66500000e+04   0.00000000e+00   0.00000000e+00  
9.67500000e+04   0.00000000e+00   0.00000000e+00  
9.68500000e+04   0.00000000e+00   0.00000000e+00  
9.69500000e+04   0.00000000e+00   0.00000000e+00  
9.70500000e+04   0.00000000e+00   0.00000000e+00  
9.71500000e+04   0.00000000e+00   0.00000000e+00  
9.72500000e+04   0.00000000e+00   0.00000000e+00  
9.73500000e+04   0.00000000e+00   0.00000000e+00  
9.74500000e+04   0.00000000e+00   0.00000000e+00  
9.75500000e+04   0.00000000e+00   0.00000000e+00  
9.76500000e+04   0.00000000e+00   0.00000000e+00  
9.77500000e+04   0.00000000e+00   0.00000000e+00  
9.78500000e+04   0.00000000e+00   0.00000000e+00  
9.79500000e+04   0.00000000e+00   0.00000000e+00  
9.80500000e+04   0.00000000e+00   0.00000000e+00  
9.81500000e+04   0.00000000e+00   0.00000000e+00  
9.82500000e+04   0.00000000e+00   0.00000000e+00  
9.83500000e+04   0.00000000e+00   0.00000000e+00  
9.84500000e+04   0.00000000e+00   0.00000000e+00  
9.85500000e+04   0.00000000e+00   0.00000000e+00  
9.86500000e+04   0.00000000e+00   0.00000000e+00  
9.87500000e+04   0.00000000e+00   0.00000000e+00  
9.88500000e+04   0.00000000e+00   0.00000000e+00  
9.89500000e+04   0.00000000e+00   0.00000000e+00  
9.90500000e+04   0.00000000e+00   0.00000000e+00  
9.91500000e+04   0.00000000e+00   0.00000000e+00  
9.92500000e+04   0.00000000e+00   0.00000000e+00  
9.93500000e+04   0.00000000e+00   0.00000000e+00  
9.94500000e+04   0.00000000e+00   0.00000000e+00  
9.95500000e+04   0.00000000e+00   0.00000000e+00  
9.96500000e+04   0.00000000e+00   0.00000000e+00  
9.97500000e+04   0.00000000e+00   0.00000000e+00  
9.98500000e+04   0.00000000e+00   0.00000000e+00  
9.99500000e+04   0.00000000e+00   0.00000000e+00  
